Name=n30
Vehicle Capacity=[15 20 26 31]
Vehicle Rental Cost=[544 622 700 778]
Fuel Cost [USD/km]=[0.086 0.079 0.228 0.187]
Environmental Cost [USD/km]=[0.047 0.047 0.048 0.054]
NODE_COORDINATES
1	28.98911	41.04114		
2	28.65316	41.01090
3	28.72501	40.98029
4	28.78796	41.05879
5	28.83261	41.00367
6	28.89467	41.08185
7	28.93295	41.01016
8	28.92266	41.08025
9	28.94680	41.02092
10	28.96749	41.06384
11	29.00222	41.05088
12	29.00270	41.08386
13	29.00181	41.11782
14	29.01741	41.01914
15	29.09461	41.11308
16	29.08108	40.97090
17	29.12607	41.00488
18	29.18278	41.02271
19	29.07904	41.01940
20	29.21078	40.91451
21	28.63219	41.06552
22	28.68737	41.02706
23	28.79564	41.00297
24	28.85122	41.00450
25	28.89103	41.01071
26	28.87417	41.04942
27	28.85238	41.06482
28	28.94078	41.07308
29	28.79637	41.09805
30	29.04683	41.13585
NODE_DEMANDS
2	3
3	3
4	2
5	5
6	4
7	7
8	5
9	3
10	4
11	5
12	4
13	2
14	6
15	1
16	3
17	4
18	4
19	5
20	1
21	1
22	1
23	3
24	3
25	2
26	2
27	1
28	3
29	2
30	2
DEPOT_NODE
1

